City,Cloudiness,Country,Date,Humidity,Lat,Lng,Max Temp,Wind Speed
Deputatskiy,100,RU,1570043496,87,69.3,139.9,20.36,23.04
Haines Junction,67,CA,1570043610,75,60.75,-137.51,35.12,4.7
Andros Town,75,BS,1570043612,74,24.73,-77.79,84.2,13.87
Chokurdakh,99,RU,1570043534,92,70.62,147.9,26.48,16.08
New Norfolk,75,AU,1570043616,66,-42.78,147.06,53.6,10.29
Nantucket,90,US,1570043618,88,41.28,-70.1,73.0,8.05
Albany,90,US,1570043361,82,42.65,-73.75,68.0,9.17
Klaksvik,75,FO,1570043624,81,62.23,-6.59,44.6,3.36
Ushuaia,75,AR,1570043374,70,-54.81,-68.31,42.8,32.21
Belyy Yar,0,RU,1570043628,86,53.6,91.39,26.6,4.47
Tuatapere,100,NZ,1570043630,91,-46.13,167.69,42.01,3.0
Avarua,66,CK,1570043632,64,-21.21,-159.78,75.2,9.17
Hambantota,0,LK,1570043634,100,6.12,81.12,75.2,3.36
Klerksdorp,0,ZA,1570043636,33,-26.86,26.67,59.42,9.8
Dikson,15,RU,1570043397,79,73.51,80.55,26.66,18.75
Kapaa,40,US,1570043502,78,22.08,-159.32,80.6,20.8
Puri,21,ID,1570043642,91,-7.54,112.45,70.22,4.88
Coahuayana,100,MX,1570043527,77,18.62,-100.35,79.94,2.06
Makhinjauri,0,GE,1570043646,77,41.67,41.69,66.2,8.05
Cape Town,20,ZA,1570043594,87,-33.93,18.42,63.0,8.05
Airai,67,TL,1570043650,72,-8.93,125.41,68.78,4.63
Reyes,75,BO,1570043652,55,-14.3,-67.34,93.2,9.17
Riyadh,0,SA,1570043654,22,24.63,46.72,91.4,4.7
Faanui,84,PF,1570043656,74,-16.48,-151.75,76.34,16.64
Punta Arenas,75,CL,1570043372,83,-53.16,-70.91,50.0,31.09
Atuona,1,PF,1570043660,74,-9.8,-139.03,79.22,12.21
Evensk,95,RU,1570043642,58,61.92,159.24,27.92,8.21
Luanda,75,AO,1570043501,83,-8.83,13.24,77.0,12.75
Vila Franca do Campo,40,PT,1570043667,83,37.72,-25.43,75.0,19.46
Richards Bay,68,ZA,1570043669,72,-28.77,32.06,68.06,25.05
Cherskiy,38,RU,1570043671,89,68.75,161.3,20.18,13.29
Kayes,40,ML,1570043673,100,14.44,-11.44,73.4,4.7
Brae,40,GB,1570043674,87,60.4,-1.35,50.0,14.99
Palmer,75,AU,1570043635,82,-34.85,139.16,57.99,8.05
San Patricio,100,PY,1570043678,87,-26.98,-56.83,73.28,7.0
Lompoc,1,US,1570043680,43,34.64,-120.46,75.99,9.17
Kaitangata,100,NZ,1570043682,81,-46.28,169.85,42.01,4.0
Yellowknife,75,CA,1570043684,70,62.45,-114.38,48.0,10.29
Kavieng,57,PG,1570043686,77,-2.57,150.8,81.56,6.17
Bambous Virieux,40,MU,1570043688,83,-20.34,57.76,75.2,11.41
Rawson,0,AR,1570043691,19,-43.3,-65.11,56.0,10.85
Guadalupe y Calvo,0,MX,1570043693,56,26.09,-106.96,71.12,5.91
Butaritari,99,KI,1570043487,63,3.07,172.79,84.98,6.44
Egvekinot,100,RU,1570043697,96,66.32,-179.17,29.0,3.51
Codrington,0,AU,1570043698,93,-28.95,153.24,48.99,2.17
Severo-Kurilsk,100,RU,1570043457,91,50.68,156.12,48.08,13.4
Rikitea,100,PF,1570043702,86,-23.12,-134.97,61.58,14.25
Fortuna,20,US,1570043705,55,40.6,-124.16,62.01,4.7
Hermanus,93,ZA,1570043493,92,-34.42,19.24,60.01,3.0
Puerto Ayora,20,EC,1570043709,57,-0.74,-90.35,78.8,20.8
Marienburg,20,DE,1570043711,76,52.12,9.98,51.01,11.41
Tanout,0,NE,1570043713,16,14.97,8.88,97.76,8.34
Bethel,90,US,1570043504,100,60.79,-161.76,46.4,10.29
Upernavik,28,GL,1570043717,69,72.79,-56.15,36.92,12.86
Jamestown,2,AU,1570043719,87,-33.21,138.6,48.98,2.17
Carnarvon,46,ZA,1570043721,13,-30.97,22.13,64.82,10.16
Aklavik,75,CA,1570043448,85,68.22,-135.01,35.6,4.7
Mercedes,98,UY,1570043498,73,-33.25,-58.03,59.0,21.99
Sampit,54,ID,1570043727,97,-2.54,112.95,73.28,1.03
Mataura,100,NZ,1570043486,91,-46.19,168.86,42.01,3.0
Bouloupari,20,NC,1570043731,76,-21.87,166.05,73.0,2.24
Barrow,1,AR,1570043733,39,-38.31,-60.23,56.72,11.74
Mar del Plata,4,AR,1570043684,22,-46.43,-67.52,53.12,11.27
Qaanaaq,91,GL,1570043737,79,77.48,-69.36,26.84,4.47
Vaini,69,IN,1570043739,91,15.34,74.49,75.98,1.05
Hilo,75,US,1570043491,78,19.71,-155.08,78.8,3.36
Novorzhev,100,RU,1570043743,77,57.03,29.33,47.18,0.72
Nicoya,40,CR,1570043745,66,10.15,-85.45,86.0,10.29
Hohhot,0,CN,1570043747,81,40.81,111.65,53.6,4.47
Khatanga,0,RU,1570043749,83,71.98,102.47,20.9,8.21
Amga,43,RU,1570043752,80,60.89,131.98,23.96,7.11
Srednekolymsk,79,RU,1570043754,92,67.46,153.71,25.04,18.72
Bogalusa,40,US,1570043755,37,30.79,-89.85,96.8,5.82
Wawa,70,NG,1570043757,78,9.9,4.41,78.68,1.28
Nanortalik,99,GL,1570043759,62,60.14,-45.24,45.56,5.79
Buraydah,0,SA,1570043761,29,26.33,43.97,87.8,8.05
Mahebourg,40,MU,1570043763,83,-20.41,57.7,75.2,11.41
Tala,40,MX,1570043764,50,20.65,-103.7,79.0,3.74
Saint George,20,GR,1570043767,82,39.45,22.34,68.0,2.89
Mikuni,75,JP,1570043769,88,36.22,136.15,71.6,3.36
Nikolskoye,40,RU,1570043773,93,59.7,30.79,44.01,4.47
Chuguyevka,94,RU,1570043776,97,44.17,133.87,56.72,3.31
Bandarbeyla,48,SO,1570043778,75,9.49,50.81,77.24,7.83
Constitucion,40,MX,1570043531,43,23.99,-104.67,73.99,3.36
Takoradi,100,GH,1570043782,88,4.89,-1.75,75.8,4.34
Catanzaro,20,IT,1570043784,88,38.91,16.6,71.6,2.24
Lodja,79,CD,1570043788,91,-3.52,23.6,72.02,1.43
Dalby,0,AU,1570043790,93,-27.18,151.26,50.0,10.29
Bere,19,ID,1570043791,91,-8.54,120.44,70.22,5.17
Port Alfred,83,ZA,1570043793,93,-33.59,26.89,61.0,1.01
Saint-Philippe,90,CA,1570043795,62,45.36,-73.48,55.99,10.29
Kodiak,90,US,1570043797,78,39.95,-94.76,78.8,12.75
Lysyye Gory,0,RU,1570043798,68,51.55,44.84,51.5,4.29
Vestmanna,75,FO,1570043800,81,62.16,-7.17,44.6,3.36
Kenai,90,US,1570043801,75,60.55,-151.26,45.0,4.7
Puerto Narino,40,CO,1570043803,63,-3.77,-70.38,91.4,4.7
Longyearbyen,75,NO,1570043564,91,78.22,15.63,32.0,9.17
Panaba,5,MX,1570043808,83,21.28,-88.27,81.74,9.04
Mondlo,20,ZA,1570043810,55,-27.96,30.72,57.26,13.27
Arlit,60,NE,1570043812,8,18.74,7.39,95.42,2.3
Karratha,0,AU,1570043814,31,-20.74,116.85,76.7,11.12
Coffs Harbour,0,AU,1570043816,72,-30.3,153.13,59.0,9.17
Hervey Bay,24,AU,1570043818,82,-25.3,152.85,57.99,8.05
Bourail,95,NC,1570043820,86,-21.57,165.5,57.8,1.57
Bouna,93,CI,1570043822,87,9.27,-3.0,76.88,3.62
Halifax,90,CA,1570043644,81,44.65,-63.58,52.0,17.22
Sooke,20,CA,1570043826,81,48.37,-123.73,59.0,4.7
Kapit,100,MY,1570043828,99,2.02,112.94,71.84,0.74
Jumla,21,NP,1570043831,94,29.28,82.18,45.92,1.83
Velen,20,DE,1570043833,76,51.9,6.98,51.01,12.75
San Policarpo,84,PH,1570043835,90,12.18,125.51,76.52,4.25
Nkhata Bay,37,MW,1570043837,83,-11.61,34.3,66.8,3.74
Isangel,75,VU,1570043839,82,-19.55,169.27,68.0,20.38
Bayevo,0,RU,1570043840,72,53.27,80.77,39.26,3.02
Berezniki,100,RU,1570043843,100,59.41,56.8,46.99,1.99
Wasilla,90,US,1570043845,93,61.58,-149.44,46.4,3.02
Asekeyevo,81,RU,1570043847,80,53.57,52.8,48.98,12.01
Fairbanks,90,US,1570043609,86,64.84,-147.72,37.4,5.82
Tasiilaq,90,GL,1570043851,69,65.61,-37.64,39.2,33.33
Santander Jimenez,1,MX,1570043853,58,24.22,-98.47,85.7,4.85
Tabuk,100,PH,1570043855,94,17.41,121.44,64.1,1.92
Cabedelo,0,BR,1570043857,54,-6.97,-34.84,82.4,10.29
Plyussa,78,RU,1570043859,85,58.42,29.37,44.12,2.84
Port Lincoln,97,AU,1570043680,87,-34.72,135.86,56.9,10.29
Yulara,61,AU,1570043863,15,-25.24,130.99,78.8,8.05
Okhotsk,55,RU,1570043865,53,59.36,143.24,29.0,16.55
Dong Hoi,1,VN,1570043867,88,17.48,106.6,75.26,3.2
Kiama,12,AU,1570043869,71,-34.67,150.86,60.01,8.05
Bluff,4,AU,1570043871,90,-23.58,149.07,59.06,12.35
Kondopoga,100,RU,1570043873,80,62.21,34.27,41.0,13.42
Castro,20,CL,1570043875,53,-42.48,-73.76,51.8,5.82
Sept-Iles,75,CA,1570043591,56,50.2,-66.38,45.0,10.29
Guanambi,0,BR,1570043878,17,-14.22,-42.78,93.08,5.14
Ponta Delgada,40,PT,1570043880,83,37.73,-25.67,73.99,19.46
Thompson,5,CA,1570043882,42,55.74,-97.86,46.4,9.17
Dali,99,CN,1570043884,54,34.79,109.94,70.76,7.49
Luganville,90,VU,1570043868,88,-15.51,167.18,75.2,9.17
Celina,75,US,1570043658,48,40.55,-84.57,91.0,14.99
Marigot,40,HT,1570043891,52,18.23,-72.32,91.4,4.7
Fukue,20,JP,1570043758,78,35.03,136.69,75.2,11.41
Hithadhoo,58,MV,1570043730,80,-0.6,73.08,82.46,16.55
Port Arthur,40,US,1570043897,55,29.9,-93.93,93.2,12.75
Padang,77,ID,1570043900,84,-0.92,100.36,78.14,16.96
Masty,100,BY,1570043902,97,53.42,24.54,56.0,6.26
Linxia,67,CN,1570043905,79,35.6,103.21,56.72,3.06
Sinnai,0,IT,1570043907,68,39.3,9.2,71.6,11.41
Portland,90,US,1570043866,77,43.66,-70.25,62.01,9.17
Chilca,75,PE,1570043910,47,-13.22,-72.34,59.0,13.87
Bredasdorp,100,ZA,1570043911,82,-34.53,20.04,60.01,5.82
Tazovskiy,98,RU,1570043913,96,67.47,78.7,37.82,10.65
Ilulissat,75,GL,1570043915,29,69.22,-51.1,50.0,21.92
Esperance,90,AU,1570043917,93,-33.86,121.89,59.0,8.05
Aden,0,YE,1570043900,62,12.79,45.03,86.6,9.48
Busselton,100,AU,1570043921,68,-33.64,115.35,55.99,2.71
Kavaratti,42,IN,1570043923,76,10.57,72.64,82.28,8.59
Atasu,0,KZ,1570043726,39,48.68,71.64,42.14,7.74
Iranshahr,40,IR,1570043928,47,27.21,60.69,80.6,4.7
Lethem,76,GY,1570043930,38,3.38,-59.8,95.6,8.34
Kruisfontein,100,ZA,1570043744,45,-34.0,24.73,65.18,4.79
Burley,1,US,1570043933,43,42.54,-113.79,50.0,11.41
Bucerias,40,MX,1570043935,58,20.76,-105.33,88.0,8.05
Kharan,64,PK,1570043938,33,28.58,65.42,78.14,9.53
Provideniya,75,RU,1570043780,86,64.42,-173.23,41.0,15.66
Qandala,12,SO,1570043942,74,11.47,49.87,84.98,12.44
Morro Bay,1,US,1570043944,22,35.37,-120.85,77.0,5.82
Kainantu,96,PG,1570043946,97,-6.29,145.87,54.38,0.76
West Bay,90,CA,1570043948,76,49.34,-123.21,59.0,4.7
Zhangye,86,CN,1570043950,40,38.94,100.46,54.2,4.0
Paamiut,100,GL,1570043955,57,61.99,-49.67,47.18,5.48
Bathsheba,20,BB,1570043956,62,13.22,-59.52,87.8,17.22
Snezhnogorsk,90,RU,1570043958,72,69.19,33.23,32.0,6.71
Victoria,75,BN,1570043707,83,5.28,115.24,78.8,3.36
Ghorawal,83,IN,1570043962,93,24.75,82.78,74.0,6.96
Agadez,0,NE,1570043964,23,16.97,7.99,96.8,6.93
Hobart,90,AU,1570043943,71,-42.88,147.33,51.8,8.05
Pisco,0,PE,1570043968,30,-13.71,-76.2,71.6,10.29
Banda Aceh,95,ID,1570043969,77,5.56,95.32,81.02,10.69
Raudeberg,20,NO,1570043971,71,61.99,5.14,51.8,6.93
Saskylakh,25,RU,1570043814,87,71.97,114.09,15.68,3.13
Chato,15,TZ,1570043976,78,-2.64,31.77,68.24,2.42
Colesberg,60,ZA,1570043978,15,-30.72,25.1,58.16,7.23
Port Elizabeth,1,US,1570043980,32,39.31,-74.98,96.01,16.11
Georgetown,40,GY,1570043698,79,6.8,-58.16,86.0,2.24
Zhigansk,87,RU,1570043984,91,66.77,123.37,21.8,5.73
Shelburne,90,CA,1570043986,93,44.08,-80.2,59.0,4.7
Grindavik,90,IS,1570043988,75,63.84,-22.43,44.6,29.97
Nogliki,100,RU,1570043991,86,51.8,143.14,39.8,11.54
Tevaitoa,51,PF,1570043926,78,-16.78,-151.5,75.8,17.36
East London,0,ZA,1570043996,77,-33.02,27.91,64.4,6.93
Belaya Gora,100,RU,1570043998,74,68.54,146.19,28.46,23.35
Shingu,87,JP,1570044000,96,33.72,135.99,62.3,7.02
Aswan,0,EG,1570044002,18,24.09,32.9,89.6,5.82
Uribia,96,CO,1570044004,55,11.71,-72.27,90.02,4.25
Khorramshahr,0,IR,1570044006,40,30.43,48.18,86.0,4.7
Ust-Kuyga,100,RU,1570043777,87,70.0,135.55,24.86,11.95
Ponta do Sol,0,BR,1570044010,26,-20.63,-46.0,88.4,4.45
Oktyabrskiy,0,RU,1570044012,62,55.61,37.97,59.0,11.18
Kwinana,30,AU,1570044015,100,-32.25,115.77,55.0,4.7
Ostrovnoy,86,RU,1570044017,73,68.05,39.51,35.3,20.76
Tuktoyaktuk,90,CA,1570044019,100,69.44,-133.03,37.4,3.36
Pokrovsk,25,RU,1570044021,89,61.48,129.14,25.04,6.6
Salekhard,100,RU,1570044024,90,66.54,66.62,47.0,17.36
Tairua,6,NZ,1570044025,74,-37.02,175.85,46.99,1.99
Dwarka,40,IN,1570043983,78,28.58,77.04,87.01,5.82
Altagracia de Orituco,83,VE,1570044029,88,9.86,-66.38,77.96,2.55
Betsiamites,90,CA,1570044031,52,48.94,-68.65,46.4,8.05
Denpasar,20,ID,1570044033,88,-8.65,115.22,77.0,5.82
Mayor Pablo Lagerenza,99,PY,1570044036,63,-19.93,-60.77,69.68,12.19
Pontal do Parana,0,BR,1570044038,31,-25.67,-48.51,91.4,11.41
Chuy,100,UY,1570044040,93,-33.69,-53.46,57.26,16.71
Cidreira,100,BR,1570044042,76,-30.17,-50.22,70.04,15.19
Manikpur,58,IN,1570044044,94,25.07,81.1,72.2,3.76
Morehead,20,US,1570044046,36,38.18,-83.43,93.99,9.17
Yinchuan,54,CN,1570044048,48,38.48,106.21,64.0,1.99
Laguna,40,BZ,1570044049,74,16.17,-88.94,86.0,4.7
Banjar,96,ID,1570044051,88,-7.37,108.54,72.92,1.1
Xichang,90,CN,1570044054,95,27.88,102.25,53.12,1.72
Coolum Beach,51,AU,1570044056,95,-26.53,153.09,53.01,1.95
Geraldton,90,CA,1570044058,74,49.72,-86.95,35.6,4.7
Phonhong,0,LA,1570044060,97,18.5,102.42,71.66,0.47
Pacific Grove,1,US,1570043940,52,36.62,-121.92,75.0,10.29
Lebu,75,ET,1570044064,77,8.96,38.73,60.8,6.93
Along,42,IN,1570044066,94,28.17,94.8,54.2,4.63
Pevek,100,RU,1570044068,71,69.7,170.27,30.44,10.0
Ballina,90,IE,1570044070,81,54.11,-9.15,52.0,2.24
Vostok,0,RU,1570044072,96,46.45,135.83,56.0,4.09
Khilok,83,RU,1570044074,79,51.36,110.46,27.2,2.77
Salalah,75,OM,1570044076,83,17.01,54.1,80.6,3.36
Ixtapa,40,MX,1570044078,58,20.71,-105.21,88.0,8.05
Broome,40,GB,1570044080,71,52.47,1.45,51.8,8.05
Itacoatiara,20,BR,1570044082,94,-3.14,-58.44,80.6,4.7
Kununurra,0,AU,1570044085,52,-15.77,128.74,66.2,4.7
Merrill,1,US,1570044088,56,42.03,-121.6,53.01,3.36
Cap Malheureux,40,MU,1570044090,83,-19.98,57.61,75.2,11.41
Krapivinskiy,0,RU,1570044094,59,55.0,86.81,37.4,11.18
Biu,66,NG,1570044096,70,10.61,12.19,78.14,4.72
Te Anau,100,NZ,1570044098,79,-45.41,167.72,36.02,1.39
Kattivakkam,40,IN,1570044100,83,13.22,80.32,84.2,3.36
Balestrand,20,NO,1570044102,93,61.21,6.53,46.4,6.93
Tiznit,0,MA,1570044104,73,29.7,-9.73,71.84,22.79
Tynset,92,NO,1570044106,100,62.28,10.78,37.4,0.87
Umba,21,RU,1570044108,80,66.69,34.34,32.24,7.49
Kirkwall,75,GB,1570044111,93,58.98,-2.96,48.2,12.75
Katangli,100,RU,1570044112,86,51.71,143.23,39.8,11.54
Tautira,20,PF,1570044114,61,-17.73,-149.15,80.6,3.36
Fagernes,50,NO,1570044116,94,60.99,9.24,34.0,2.06
Meulaboh,100,ID,1570044118,85,4.14,96.13,78.32,9.8
Vardo,40,US,1570044120,36,39.62,-77.74,93.99,14.99
Huilong,90,CN,1570044121,84,31.15,106.5,72.56,3.58
Sao Filipe,0,CV,1570044124,83,14.9,-24.5,79.04,15.86
Paranapanema,29,BR,1570044106,23,-23.39,-48.72,96.32,7.92
Rome,40,IT,1570043921,82,41.89,12.48,70.0,3.36
Cobija,75,BR,1570044128,59,-11.02,-68.77,91.4,2.98
Iqaluit,75,CA,1570044130,72,63.75,-68.52,41.0,12.75
Douglas,90,US,1570044132,87,58.28,-134.39,51.8,10.29
Arraial do Cabo,0,BR,1570044134,69,-22.97,-42.02,80.6,25.28
Tengushevo,79,RU,1570044135,78,54.77,42.72,53.48,11.01
Coquimbo,0,CL,1570043876,45,-29.95,-71.34,62.6,16.11
Durres,40,AL,1570043993,88,41.32,19.44,69.8,1.12
Tura,100,RU,1570044142,96,64.27,100.22,31.52,6.8
Emba,20,CY,1570044146,73,34.81,32.42,75.2,4.7
Tokat,40,TR,1570044148,36,40.33,36.55,62.6,6.93
Hearst,80,CA,1570044150,66,49.69,-83.67,38.54,5.06
Jalingo,77,NG,1570044152,76,10.3,10.93,77.06,8.03
Nouakchott,25,MR,1570044154,10,18.08,-15.98,102.2,9.17
Tommot,93,RU,1570044158,83,58.97,126.27,27.56,8.75
Sawakin,27,SD,1570044159,59,19.1,37.33,83.18,3.31
Copalillo,100,MX,1570044161,71,18.03,-99.04,79.76,0.45
Saint-Francois,0,FR,1570044164,81,46.42,3.91,53.01,3.36
Namibe,50,AO,1570044166,84,-15.19,12.15,66.44,14.34
Afsin,22,TR,1570044168,45,38.25,36.91,57.98,4.85
Lorengau,35,PG,1570044166,84,-2.02,147.27,77.24,3.11
Sitka,100,US,1570044172,67,37.17,-99.65,74.18,4.52
Bowen,40,AU,1570044174,88,-20.01,148.25,66.2,9.17
Chernyshevskiy,95,RU,1570044176,82,63.01,112.47,27.74,5.64
Kaduy,40,RU,1570044178,93,59.2,37.15,42.8,8.95
Camacha,20,PT,1570044180,83,33.08,-16.33,73.4,5.82
Matara,16,BI,1570044183,90,-3.48,29.48,53.66,1.9
Namie,83,JP,1570044185,65,37.52,140.86,63.0,1.43
Mabaruma,99,GY,1570044188,69,8.2,-59.78,86.78,2.8
Honiara,75,SB,1570044190,94,-9.43,159.96,73.4,5.82
Nipawin,90,CA,1570044192,56,53.36,-104.02,44.6,9.17
Baykit,100,RU,1570044194,97,61.68,96.39,32.6,7.43
Antalaha,100,MG,1570044196,98,-14.9,50.28,65.54,2.86
Luang Prabang,2,LA,1570044198,98,19.89,102.14,67.52,1.25
Sompeta,100,IN,1570044200,83,18.93,84.6,77.6,1.95
Mnogovershinnyy,56,RU,1570044202,78,53.94,139.92,30.44,5.14
Shashi,0,CN,1570044204,54,27.02,114.08,70.76,0.36
Makakilo City,40,US,1570044206,78,21.35,-158.09,82.99,4.7
Cam Ranh,20,VN,1570044208,100,11.92,109.15,78.8,4.7
Marzuq,79,YE,1570044211,51,14.4,46.47,77.06,5.86
Aykhal,90,RU,1570044213,92,65.95,111.51,23.0,4.47
Ahipara,76,NZ,1570044214,93,-35.17,173.16,51.01,20.36
Pangnirtung,75,CA,1570044217,86,66.15,-65.72,37.4,5.82
Lahaina,40,US,1570043992,69,20.87,-156.68,84.2,11.41
Tshikapa,73,CD,1570044221,67,-6.42,20.79,72.56,2.39
Shenjiamen,0,CN,1570044223,83,29.96,122.3,74.72,6.17
Hope,1,US,1570044225,38,33.67,-93.59,93.99,13.87
Nova Russas,41,BR,1570044227,39,-4.71,-40.57,88.76,8.81
Bhikangaon,1,IN,1570044229,91,21.87,75.96,75.8,5.97
Tsaratanana,94,MG,1570044230,66,-16.8,47.65,71.12,9.4
Vila Velha,0,BR,1570044189,54,-3.71,-38.6,84.2,14.99
Leningradskiy,100,RU,1570044234,93,69.38,178.42,30.08,14.72
Kaeo,11,NZ,1570044237,93,-35.1,173.78,51.01,6.55
Kushima,7,JP,1570044239,97,31.5,131.29,72.38,2.04
Davila,20,PH,1570044241,94,18.47,120.58,75.2,2.24
Khairagarh,6,IN,1570044243,93,21.42,80.98,70.94,0.81
Sinnamary,19,GF,1570044245,76,5.38,-52.96,82.46,21.07
Maniitsoq,100,GL,1570044246,56,65.42,-52.9,45.38,13.35
Poltava,19,UA,1570044248,51,49.59,34.55,57.26,7.65
Shimoda,100,JP,1570044250,91,34.7,138.93,69.01,2.48
Dingle,100,PH,1570044252,90,11.0,122.67,74.0,2.28
Manggar,60,ID,1570044254,90,-2.88,108.27,75.44,1.57
Mayo,75,CA,1570044256,87,63.59,-135.9,42.8,1.01
Homer,90,US,1570044258,81,59.64,-151.54,48.2,6.93
Odienne,65,CI,1570044260,89,9.51,-7.57,76.34,2.98
Harper,40,US,1570044261,35,30.3,-99.24,91.4,8.05
Colares,20,PT,1570044265,72,38.8,-9.45,68.0,17.22
Yagodnoye,12,RU,1570044267,81,62.52,149.63,13.88,3.58
Cacu,94,BR,1570044269,32,-18.56,-51.13,93.98,8.43
San Ramon,75,NI,1570044271,73,12.92,-85.84,77.0,4.36
Luan,20,CH,1570044273,87,46.36,6.98,57.2,10.29
Carutapera,31,BR,1570044275,61,-1.2,-46.02,85.7,12.17
High Level,20,CA,1570044277,50,58.52,-117.13,53.6,9.17
Klyuchi,0,RU,1570044280,61,52.25,79.17,41.6,2.93
Adamas,0,GR,1570044282,94,36.73,24.43,73.4,8.05
Kupang,33,ID,1570044284,60,-10.16,123.6,75.2,6.93
Toppenish,1,US,1570044286,41,46.38,-120.31,57.2,5.82
Turayf,0,SA,1570044288,36,31.68,38.65,77.0,6.93
Whitehorse,75,CA,1570044049,70,60.72,-135.06,46.4,11.41
Touros,20,BR,1570044292,51,-5.2,-35.46,84.2,11.41
Yantzaza,75,EC,1570044294,47,-3.83,-78.76,80.6,14.99
Gubkinskiy,100,RU,1570044296,95,64.43,76.5,45.02,17.52
Sringeri,20,IN,1570044298,88,13.43,75.26,78.8,1.99
Santa Rosa,49,AR,1570044093,19,-36.62,-64.29,65.9,9.31
Healdsburg,1,US,1570044304,32,38.61,-122.87,75.0,5.82
Norman Wells,90,CA,1570044306,93,65.28,-126.83,44.6,1.95
Tigil,100,RU,1570044309,95,57.8,158.67,41.78,12.21
Oranjemund,0,ZA,1570044312,92,-28.55,16.43,57.98,7.85
Kloulklubed,75,PW,1570044314,94,7.04,134.26,75.2,5.97
Emerald,90,AU,1570044319,77,-23.53,148.16,66.2,12.75
Port Hedland,0,AU,1570044321,73,-20.31,118.58,71.6,8.05
Machilipatnam,97,IN,1570044303,85,16.18,81.14,78.68,3.87
Beringovskiy,69,RU,1570044325,86,63.05,179.32,29.72,1.99
Kieta,100,PG,1570044327,81,-6.22,155.63,79.94,7.02
Capoterra,0,IT,1570044330,68,39.18,8.97,71.6,11.41
Kahului,40,US,1570044288,69,20.89,-156.47,82.4,11.41
Quatre Cocos,40,MU,1570044333,83,-20.21,57.76,75.2,11.41
Ogaminana,62,NG,1570044335,93,7.6,6.2,73.46,6.08
Sibolga,100,ID,1570044338,82,1.74,98.78,79.4,14.47
Tiksi,100,RU,1570044340,92,71.64,128.87,27.2,22.53
Big Spring,90,US,1570044208,58,32.25,-101.48,89.01,12.75
Gat,75,SN,1570044346,83,14.69,-16.54,93.2,9.17
Tutoia,20,BR,1570044347,58,-2.76,-42.27,87.8,18.34
Cagliari,0,IT,1570044349,82,46.38,10.88,59.0,2.24
Sri Aman,100,MY,1570044351,94,1.24,111.46,77.0,1.12
Lensk,75,RU,1570044353,97,60.71,114.91,27.02,4.74
Oranjestad,75,AW,1570044355,79,12.52,-70.03,86.0,13.87
Alice Springs,0,AU,1570044357,17,-23.7,133.88,64.4,5.82
Erzin,0,TR,1570044359,65,36.95,36.2,78.8,18.34
Hobyo,78,SO,1570044362,85,5.35,48.53,78.14,12.15
Westport,20,US,1570044363,55,41.14,-73.36,93.0,6.93
Vila do Maio,69,CV,1570044365,65,15.13,-23.22,82.46,18.95
Hastings,17,NZ,1570044367,89,-39.64,176.84,37.28,6.73
Comodoro Rivadavia,40,AR,1570044369,40,-45.87,-67.48,53.6,10.29
Lima,90,PE,1570044194,77,-12.06,-77.04,66.2,4.7
Lagoa,0,PT,1570044374,50,37.14,-8.45,75.2,10.29
Neepawa,75,CA,1570044376,69,50.23,-99.46,41.0,8.05
Lafia,73,NG,1570044378,91,8.5,8.51,74.18,2.82
Narsaq,75,GL,1570044380,30,60.91,-46.05,53.6,25.28
Jawhar,6,IN,1570044382,94,19.91,73.23,73.82,0.49
Mount Isa,0,AU,1570044383,23,-20.73,139.49,60.8,3.36
Pimenta Bueno,60,BR,1570044386,49,-11.68,-61.19,91.1,3.53
Tangzhai,0,CN,1570044388,68,26.73,109.0,67.52,2.13
Vanavara,100,RU,1570044391,97,60.35,102.28,33.5,10.11
Cobh,75,IE,1570044394,87,51.85,-8.29,48.0,5.82
Jarwal,43,IN,1570044396,90,27.12,81.54,72.74,4.65
Kovdor,49,RU,1570044398,89,67.56,30.47,28.64,4.76
San Andres,83,PH,1570044400,88,13.32,122.68,75.08,1.68
Fayetteville,1,US,1570044247,55,36.06,-94.16,88.0,13.87
Tilichiki,100,RU,1570044404,98,60.47,166.1,33.5,7.81
Taltal,0,CL,1570044406,62,-25.41,-70.49,60.32,9.6
Mponela,20,MW,1570044409,93,-13.53,33.74,64.4,14.99
Mehamn,75,NO,1570044411,86,71.03,27.85,37.4,24.16
Calbuco,20,CL,1570044413,79,-41.77,-73.13,53.6,10.29
Tessalit,0,ML,1570044339,8,20.2,1.01,96.68,9.33
Stephenville,75,CA,1570044417,66,48.55,-58.59,48.99,9.17
Ilam,0,IR,1570044419,33,33.64,46.42,71.6,4.7
Chala,90,TZ,1570044421,56,-7.6,31.27,69.8,1.43
Vangaindrano,63,MG,1570044423,95,-23.35,47.6,70.94,0.83
Fort Nelson,75,CA,1570044426,58,58.81,-122.69,53.6,1.12
Cabo San Lucas,20,MX,1570044399,58,22.89,-109.91,87.01,11.41
Katobu,18,ID,1570044430,97,-4.94,122.53,71.48,2.93
Hami,100,CN,1570044431,23,42.84,93.51,57.98,2.08
Naryan-Mar,100,RU,1570044433,98,67.67,53.09,32.78,8.52
Zhezkazgan,0,KZ,1570044435,32,47.8,67.71,45.2,9.69
Broken Hill,0,AU,1570044437,15,-31.97,141.45,75.2,13.87
Inongo,54,CD,1570044439,75,-1.93,18.29,75.8,1.57
Abnub,0,EG,1570044441,39,27.27,31.15,84.2,5.82
Podor,0,MR,1570044444,41,16.65,-14.96,96.8,13.94
Vilyuysk,87,RU,1570044446,92,63.75,121.63,23.6,4.25
Jhawarian,0,PK,1570044450,49,32.36,72.63,80.48,4.85
Hamilton,90,CA,1570044453,100,43.26,-79.87,59.0,13.87
Nago,20,IT,1570044457,82,45.88,10.89,64.99,4.7
Inuvik,75,CA,1570044461,86,68.36,-133.71,37.4,8.05
Uglovskoye,0,RU,1570044463,51,51.36,80.19,36.38,5.66
Guarapari,20,BR,1570044465,69,-20.67,-40.5,78.01,12.75
Riviere-au-Renard,75,CA,1570044467,52,49.0,-64.4,42.8,13.87
Curup,90,ID,1570044469,96,-3.47,102.53,65.18,2.33
Jieshi,3,CN,1570044472,77,22.82,115.83,84.0,2.37
Morant Bay,20,JM,1570044473,74,17.88,-76.41,86.0,17.22
Nhulunbuy,100,AU,1570044420,88,-12.18,136.78,73.4,5.82
Kaniama,42,CD,1570044477,80,-7.57,24.18,70.04,0.38
Nishihara,40,JP,1570044187,88,35.74,139.53,73.99,8.05
Grand Gaube,40,MU,1570044480,83,-20.01,57.66,75.2,11.41
Waitara,61,NZ,1570044482,82,-39.0,174.24,42.01,4.0
Makokou,52,GA,1570044483,97,0.56,12.85,70.58,2.82
Marsh Harbour,0,BS,1570044485,81,26.54,-77.06,80.12,16.71
Manokwari,1,ID,1570044487,71,-0.87,134.08,72.2,5.41
Synya,100,RU,1570044489,77,65.37,58.04,42.86,11.1
Moose Factory,90,CA,1570044491,80,51.26,-80.61,41.0,6.93
Cayenne,40,GF,1570044494,62,4.94,-52.33,89.6,16.11
Wilmington,40,US,1570044226,38,39.75,-75.55,93.99,12.75
Santa Luzia,0,BR,1570044497,27,-19.77,-43.85,87.8,8.05
Kastamonu,0,TR,1570044500,49,41.38,33.78,57.26,1.5
Tchibanga,66,GA,1570044502,82,-2.92,11.0,74.9,3.8
Ancud,20,CL,1570044313,53,-41.87,-73.83,51.8,5.82
Manyana,0,AU,1570044506,62,-35.26,150.51,57.99,8.05
Sterling,40,US,1570044509,43,39.0,-77.4,95.0,10.29
Sisimiut,97,GL,1570044511,68,66.94,-53.67,40.52,6.17
Bonito,54,BR,1570044514,50,-1.36,-47.3,90.2,9.42
Petukhovo,88,RU,1570044516,62,55.06,67.89,42.32,9.98
Dubna,100,RU,1570044518,92,56.76,37.14,53.48,9.37
Kirovskiy,67,RU,1570044520,95,45.09,133.51,58.7,3.85
Yining,0,CN,1570044522,61,29.04,114.56,67.34,0.85
Omsukchan,58,RU,1570044524,84,62.53,155.8,9.56,3.69
Moron,67,HT,1570044306,67,18.56,-74.26,85.7,2.64
Eyl,12,SO,1570044528,87,7.98,49.82,73.82,5.73
Amurzet,100,CN,1570044530,76,47.69,131.09,46.64,14.07
Itororo,77,BR,1570044532,55,-15.12,-40.07,77.24,6.4
Saraland,75,US,1570044534,47,30.82,-88.07,96.01,4.7
Jose Bonifacio,40,BR,1570044536,23,-21.05,-49.69,96.8,2.24
Morondava,47,MG,1570044538,79,-20.3,44.28,78.86,17.13
Kawalu,96,ID,1570044540,90,-7.38,108.21,68.42,2.51
Dunbar,90,US,1570044301,100,40.67,-96.03,55.99,3.36
Lavrentiya,50,RU,1570044520,94,65.58,-170.99,33.14,6.91
Cangucu,90,BR,1570044547,83,-31.39,-52.68,69.8,6.93
Fuyang,0,CN,1570044549,49,32.89,115.81,67.88,2.13
Mount Gambier,90,AU,1570044551,87,-37.83,140.78,53.6,10.29
General Roca,0,AR,1570044553,31,-39.03,-67.58,57.2,6.93
Buctzotz,0,MX,1570044554,81,21.2,-88.79,81.2,14.43
Masuguru,51,MZ,1570044556,50,-11.38,38.46,83.0,3.58
Port-Cartier,90,CA,1570044558,48,50.03,-66.88,45.0,10.29
Dunedin,98,NZ,1570044489,68,-45.87,170.5,45.0,14.0
Santa Marinella,0,IT,1570044562,73,42.04,11.87,69.8,5.82
Ciudad Bolivar,16,VE,1570044564,42,8.12,-63.55,93.8,8.93
Kiunga,62,PG,1570044566,99,-6.12,141.3,70.94,1.45
Saint-Joseph,0,FR,1570044568,72,43.56,6.97,71.01,4.7
Mahdalynivka,0,UA,1570044570,71,48.92,34.92,55.4,6.71
Krylovskaya,0,RU,1570044572,53,46.32,39.96,64.0,7.27
Gornopravdinsk,100,RU,1570044574,81,60.06,69.92,50.24,12.91
Tres Arroyos,1,AR,1570044576,39,-38.38,-60.28,56.72,11.74
Abonnema,100,NG,1570044578,93,4.71,6.79,74.0,5.37
Christchurch,22,NZ,1570044439,84,-43.53,172.64,42.01,1.12
Manta,13,RO,1570044583,55,45.1,24.1,64.64,2.82
Torbay,90,CA,1570044324,86,47.66,-52.73,44.01,10.29
Port Said,0,EG,1570044586,23,25.34,30.55,82.46,10.0
Xining,48,CN,1570044588,83,36.62,101.77,47.9,3.94
Gazanjyk,0,TM,1570044590,19,39.24,55.52,65.18,10.74
Suntar,98,RU,1570044592,86,62.16,117.65,28.64,4.7
Beni Suef,0,EG,1570044596,33,29.07,31.1,79.04,7.45
Paka,100,CF,1570044423,97,4.15,15.03,70.22,0.74
Khadzhalmakhi,20,RU,1570044600,93,42.42,47.18,66.0,4.47
Balkhash,0,KZ,1570044602,25,46.84,74.98,41.64,14.94
Bom Jesus,28,BR,1570044604,38,-9.08,-44.36,84.81,3.31
Grugliasco,0,IT,1570044606,37,45.07,7.58,71.01,9.17
Half Moon Bay,1,US,1570044393,55,37.46,-122.43,73.99,4.7
Jagtial,100,IN,1570044610,83,18.8,78.92,73.74,1.68
Axim,99,GH,1570044612,91,4.87,-2.24,76.09,6.22
Mehran,0,IR,1570044615,33,33.12,46.17,71.6,4.7
Namatanai,88,PG,1570044616,81,-3.66,152.44,78.79,4.47
Huarmey,23,PE,1570044618,90,-10.07,-78.15,61.84,17.98
Ribeira Grande,20,PT,1570044331,68,38.52,-28.7,71.6,21.92
Geilo,81,NO,1570044623,85,60.53,8.21,34.0,2.51
Sukpak,0,RU,1570044626,55,51.65,94.27,25.05,1.68
Bilma,0,NE,1570044563,12,18.69,12.92,94.52,8.57
Cine,0,TR,1570044630,88,37.61,28.06,66.2,3.36
Talaya,0,RU,1570044632,85,55.79,84.89,39.99,11.18
Pathein,100,MM,1570044627,85,16.78,94.73,79.28,4.52
Buenos Aires,75,AR,1570044498,55,-34.61,-58.44,64.99,14.99
Pimentel,22,BR,1570044639,60,-3.7,-45.5,82.18,2.3
Estremoz,0,PT,1570044641,37,38.84,-7.59,71.6,8.05
Luderitz,0,NA,1570044643,91,-26.65,15.16,55.65,18.48
Zaraza,69,VE,1570044645,85,9.35,-65.33,83.46,3.74
Labuhan,34,ID,1570044354,94,-2.54,115.51,71.66,1.97
La Romana,40,DO,1570044608,89,18.43,-68.97,86.0,6.93
Henties Bay,11,NA,1570044430,87,-22.12,14.28,63.0,5.99
Luebo,73,CD,1570044652,79,-5.35,21.42,73.18,0.43
Tankhoy,0,RU,1570044655,72,51.55,105.12,31.94,6.71
Juneau,90,US,1570044657,87,58.3,-134.42,51.8,10.29
Hasaki,40,JP,1570044659,93,35.73,140.83,63.0,1.12
Berlevag,75,NO,1570044465,86,70.86,29.09,37.4,24.16
Turtas,100,RU,1570044663,73,58.94,69.13,47.35,12.28
Caernarfon,0,GB,1570044665,81,53.14,-4.27,53.01,4.7
Kyshtovka,4,RU,1570044667,74,56.56,76.62,39.07,11.3
Coihaique,40,CL,1570044668,46,-45.58,-72.07,51.8,9.17
Trincomalee,4,LK,1570044670,89,8.58,81.23,75.19,2.35
Redlands,5,US,1570044593,29,34.06,-117.19,82.0,4.7
Caravelas,0,BR,1570044535,57,-17.73,-39.27,75.62,8.93
Antropovo,0,RU,1570044676,62,55.25,37.65,60.8,11.18
Santa Isabel,1,MX,1570044678,12,32.63,-115.58,86.0,5.82
Zuwarah,48,LY,1570044475,55,32.93,12.08,81.2,21.56
Longfeng,40,CN,1570044682,88,31.05,103.87,75.0,1.23
Grass Valley,1,US,1570044657,30,39.22,-121.06,72.0,5.17
Hualmay,65,PE,1570044686,88,-11.1,-77.61,62.0,15.75
Komsomolskiy,100,RU,1570044445,77,67.55,63.78,42.5,24.27
Santiago de Cao,75,PE,1570044690,77,-7.96,-79.24,68.0,12.75
Sorland,1,NO,1570044692,53,67.67,12.69,44.9,16.64
Hofn,90,IS,1570044694,80,64.25,-15.21,39.2,3.36
Kasongo-Lunda,100,CD,1570044696,94,-6.48,16.82,68.21,1.39
Berestechko,77,UA,1570044698,71,50.36,25.12,62.01,6.76
Itarema,0,BR,1570044701,69,-2.92,-39.92,77.59,11.95
Sicuani,98,PE,1570044703,45,-14.27,-71.23,52.35,13.56
Iracoubo,21,GF,1570044704,68,5.48,-53.21,82.11,9.17
Yukamenskoye,67,RU,1570044706,75,57.89,52.24,46.32,17.56
Los Llanos de Aridane,20,ES,1570044708,83,28.66,-17.92,75.2,11.41
Kirkkonummi,75,FI,1570044710,80,60.12,24.44,42.01,11.41
Champerico,40,MX,1570044712,58,16.38,-93.6,86.0,4.7
Road Town,1,VG,1570044573,66,18.42,-64.62,87.8,10.29
Acajutla,20,SV,1570044717,55,13.59,-89.83,86.0,4.7
Isiro,100,CD,1570044719,98,2.77,27.62,69.0,2.35
Vanimo,98,PG,1570044721,76,-2.67,141.3,80.72,3.83
Guerrero Negro,0,MX,1570044724,77,27.97,-114.04,66.48,10.47
Esso,100,RU,1570044725,99,55.93,158.7,33.52,3.96
Ruteng,0,ID,1570044727,92,-8.61,120.46,67.74,4.0
Chartres,0,FR,1570044605,71,48.45,1.49,52.0,6.93
Atyashevo,89,RU,1570044731,76,54.56,46.07,51.0,14.52
Mahajanga,20,MG,1570044733,69,-15.72,46.32,80.6,4.7
Scarborough,22,GB,1570044735,71,54.28,-0.41,52.0,6.93
Kerema,96,PG,1570044737,87,-7.96,145.78,77.59,11.74
Salinopolis,73,BR,1570044739,77,-0.61,-47.36,81.84,18.63
Constantine,75,DZ,1570044741,82,36.36,6.61,62.6,18.34
Tual,96,ID,1570044743,83,-5.67,132.75,79.37,12.86
Koshurnikovo,15,RU,1570044745,79,54.3,93.39,28.25,2.77
Rodrigues Alves,75,BR,1570044748,66,-7.74,-72.65,89.6,4.7
Esil,26,KZ,1570044541,44,51.96,66.41,45.74,8.68
Nome,40,US,1570044754,52,30.04,-94.42,93.2,8.05
Victoria,75,BN,1570044730,88,5.28,115.24,77.0,2.24
Jorochito,75,BO,1570044758,73,-18.06,-63.43,73.4,11.41
San Pedro,0,AR,1570044760,49,-33.68,-59.66,66.0,15.99
Antsohihy,86,MG,1570044762,70,-14.88,47.99,78.63,6.42
Meridian,1,US,1570044619,37,43.61,-116.39,55.99,4.61
Batticaloa,69,LK,1570044766,87,7.71,81.69,74.91,2.95
Elko,1,US,1570044471,37,40.83,-115.76,53.01,4.7
